0 1
0 7
0 8
0 12
0 13
1 2
1 3
1 7
1 8
1 13
1 14
2 3
2 4
2 8
3 4
3 8
3 9
3 14
3 15
4 5
4 9
4 10
5 6
5 9
5 10
6 10
6 11
6 18
7 8
7 12
7 13
7 19
7 20
8 12
8 13
8 14
8 15
8 20
8 21
8 22
9 10
9 14
9 15
9 16
9 17
9 18
10 11
10 16
10 17
10 18
10 23
10 25
11 18
11 25
12 13
12 19
12 20
13 14
13 19
13 20
13 21
14 15
14 20
14 21
14 22
15 16
15 17
15 21
15 22
15 23
16 17
16 18
16 22
16 23
16 24
16 25
16 30
16 31
17 18
17 23
17 24
17 25
17 30
17 31
18 23
18 25
19 20
19 26
19 27
19 33
20 21
20 22
20 26
20 27
21 22
21 27
21 28
21 29
22 23
22 28
22 29
22 30
23 24
23 25
23 30
23 31
24 25
24 30
24 31
24 32
25 31
25 32
26 27
26 28
26 33
26 34
26 40
26 41
27 28
27 29
27 33
27 34
27 35
27 40
27 41
27 42
28 29
28 34
28 35
28 36
28 41
28 42
28 43
29 30
29 34
29 35
29 36
29 37
29 42
29 43
30 31
30 36
30 37
31 32
31 38
31 39
32 38
32 39
33 34
33 35
33 40
33 41
34 35
34 40
34 41
34 42
35 36
35 41
35 42
35 43
36 37
36 42
36 43
36 44
37 38
37 43
37 44
37 45
38 39
38 44
38 45
39 45
40 41
41 42
41 43
42 43
43 44
44 45
46 4
46 47
46 48
49 5
49 50
49 51
52 7
52 53
52 54
55 9
55 56
55 57
58 9
58 59
58 60
61 10
61 62
61 63
64 13
64 65
64 66
67 13
67 68
67 69
70 14
70 71
70 72
73 15
73 74
73 75
76 15
76 77
76 78
79 16
79 80
79 81
82 16
82 83
82 84
85 17
85 86
85 87
88 18
88 89
88 90
91 20
91 92
91 93
94 22
94 95
94 96
97 22
97 98
97 99
100 23
100 101
100 102
103 23
103 104
103 105
106 24
106 107
106 108
109 24
109 110
109 111
112 25
112 113
112 114
115 25
115 116
115 117
118 29
118 119
118 120
121 30
121 122
121 123
124 30
124 125
124 126
127 31
127 128
127 129
130 31
130 131
130 132
133 32
133 134
133 135
136 32
136 137
136 138
139 33
139 140
139 141
142 33
142 143
142 144
145 34
145 146
145 147
148 37
148 149
148 150
151 38
151 152
151 153
154 39
154 155
154 156
157 41
157 158
157 159
160 44
160 161
160 162
163 44
163 164
163 165
166 45
166 167
166 168
169 45
169 170
169 171
