0 1
0 2
0 7
0 14
1 2
1 3
1 7
1 8
1 9
1 15
2 3
2 4
2 8
2 9
2 15
3 4
3 9
3 10
3 11
3 17
4 5
4 11
5 6
5 11
5 12
5 13
5 19
6 12
6 13
7 8
7 9
7 14
7 15
7 21
7 22
8 9
8 10
8 14
8 15
8 16
8 21
8 22
9 10
9 11
9 15
9 16
9 17
9 18
9 22
9 23
9 24
10 11
10 15
10 16
10 17
10 18
10 22
10 23
10 24
11 12
11 16
11 17
11 18
11 19
11 24
12 13
12 18
12 19
12 20
12 26
13 19
13 20
13 26
14 15
14 21
14 22
15 16
15 17
15 21
15 22
15 23
16 17
16 18
16 22
16 23
16 24
16 30
17 18
17 24
18 19
18 20
18 24
18 25
18 30
18 31
19 20
19 25
19 26
20 25
20 26
21 22
21 23
21 27
21 28
22 23
22 27
22 28
22 29
23 24
23 27
23 28
23 29
23 30
23 35
24 25
24 29
24 30
24 31
24 36
25 30
25 31
25 32
25 36
25 37
25 38
25 39
26 32
26 33
27 28
27 29
27 34
27 35
28 29
28 34
28 35
29 30
29 34
29 35
29 36
29 41
30 31
30 35
30 36
30 37
31 32
31 36
31 37
31 38
31 39
32 33
32 36
32 37
32 38
32 39
32 46
33 39
34 35
34 40
34 41
35 36
35 40
35 41
35 42
35 43
36 37
36 38
36 43
36 44
37 38
37 39
37 43
37 44
37 45
37 46
38 39
38 44
38 45
38 46
39 45
39 46
40 41
40 42
41 42
41 43
42 43
42 44
43 44
44 45
44 46
45 46
47 0
47 48
47 49
50 1
50 51
50 52
50 53
54 1
54 55
54 56
57 3
57 58
57 59
57 60
61 3
61 62
61 63
61 64
61 65
66 7
66 67
66 68
66 69
70 7
70 71
70 72
70 73
74 7
74 75
74 76
74 77
78 8
78 79
78 80
81 10
81 82
81 83
84 10
84 85
84 86
84 87
84 88
89 12
89 90
89 91
89 92
89 93
94 12
94 95
94 96
94 97
94 98
99 12
99 100
99 101
102 13
102 103
102 104
105 13
105 106
105 107
105 108
105 109
110 14
110 111
110 112
110 113
114 14
114 115
114 116
114 117
114 118
119 15
119 120
119 121
122 15
122 123
122 124
122 125
126 15
126 127
126 128
126 129
126 130
131 18
131 132
131 133
131 134
135 19
135 136
135 137
138 19
138 139
138 140
141 23
141 142
141 143
141 144
141 145
146 23
146 147
146 148
146 149
146 150
151 26
151 152
151 153
151 154
151 155
156 30
156 157
156 158
159 31
159 160
159 161
159 162
163 31
163 164
163 165
166 32
166 167
166 168
166 169
166 170
171 32
171 172
171 173
174 33
174 175
174 176
177 35
177 178
177 179
177 180
181 35
181 182
181 183
181 184
185 36
185 186
185 187
185 188
185 189
190 37
190 191
190 192
193 37
193 194
193 195
196 37
196 197
196 198
199 38
199 200
199 201
202 39
202 203
202 204
202 205
202 206
207 40
207 208
207 209
210 41
210 211
210 212
213 41
213 214
213 215
216 41
216 217
216 218
216 219
220 42
220 221
220 222
220 223
220 224
225 42
225 226
225 227
225 228
229 42
229 230
229 231
229 232
229 233
234 43
234 235
234 236
234 237
238 43
238 239
238 240
238 241
238 242
243 43
243 244
243 245
246 46
246 247
246 248
