0 1
0 8
1 2
1 3
1 7
1 8
1 9
2 3
2 8
2 9
2 10
2 11
2 16
3 4
3 5
3 9
3 10
3 11
4 5
4 6
4 10
4 11
4 12
5 6
5 10
5 11
5 12
5 13
6 12
6 13
7 8
7 9
7 14
7 15
7 16
7 21
7 22
8 9
8 14
8 15
8 16
8 21
8 22
9 10
9 15
9 16
9 17
10 11
10 12
10 16
10 17
10 18
10 19
11 12
11 17
11 18
11 19
11 25
12 13
12 19
12 20
13 20
14 15
14 21
14 22
14 28
15 16
15 21
15 22
15 23
15 28
15 29
16 17
16 18
16 21
16 22
16 23
16 24
17 18
17 19
17 23
17 24
17 25
18 19
18 24
18 25
18 26
19 20
19 24
19 25
19 26
19 27
20 26
20 27
20 34
21 22
21 28
21 29
21 35
22 23
22 28
22 29
22 30
22 35
22 36
23 24
23 29
23 30
23 31
23 32
23 36
23 37
23 38
24 25
24 26
24 30
24 31
24 32
25 26
25 27
25 31
25 33
26 27
26 31
26 32
26 33
26 34
27 34
27 41
28 29
28 35
28 36
28 42
28 43
29 30
29 35
29 36
29 37
29 43
29 44
30 31
30 32
30 36
30 37
30 38
30 44
31 32
31 33
31 37
31 38
31 39
31 40
32 33
32 37
32 38
32 39
32 40
32 46
33 34
33 38
33 39
33 40
33 41
34 41
35 36
35 42
35 43
35 44
36 37
36 42
36 43
36 44
37 38
37 39
37 43
37 44
37 45
38 39
38 40
38 44
38 45
38 46
39 40
39 45
39 46
39 47
40 41
40 46
40 47
40 48
41 48
42 43
42 44
43 44
43 45
44 45
45 46
46 47
47 48
49 2
49 50
49 51
49 52
49 53
49 54
49 55
56 3
56 57
56 58
59 3
59 60
61 3
61 62
63 4
63 64
63 65
63 66
63 67
63 68
63 69
63 70
71 7
71 72
71 73
71 74
71 75
76 7
76 77
78 10
78 79
78 80
81 10
81 82
81 83
81 84
81 85
81 86
81 87
81 88
89 14
89 90
89 91
89 92
89 93
89 94
89 95
96 14
96 97
96 98
99 14
99 100
99 101
99 102
99 103
99 104
99 105
106 16
106 107
108 18
108 109
108 110
111 18
111 112
111 113
111 114
111 115
111 116
111 117
118 18
118 119
118 120
118 121
122 20
122 123
122 124
122 125
126 20
126 127
126 128
126 129
126 130
126 131
132 20
132 133
132 134
132 135
132 136
132 137
132 138
132 139
140 23
140 141
140 142
140 143
140 144
140 145
140 146
140 147
148 23
148 149
148 150
148 151
152 23
152 153
152 154
152 155
156 24
156 157
156 158
156 159
156 160
161 24
161 162
161 163
161 164
161 165
161 166
167 24
167 168
169 27
169 170
169 171
169 172
169 173
174 27
174 175
174 176
174 177
174 178
174 179
174 180
181 27
181 182
181 183
181 184
185 32
185 186
185 187
185 188
185 189
185 190
185 191
185 192
193 32
193 194
193 195
193 196
193 197
193 198
199 36
199 200
199 201
199 202
203 36
203 204
203 205
203 206
203 207
203 208
203 209
203 210
211 37
211 212
211 213
214 39
214 215
216 39
216 217
218 39
218 219
218 220
218 221
218 222
218 223
218 224
218 225
226 40
226 227
226 228
226 229
226 230
226 231
226 232
226 233
234 43
234 235
234 236
234 237
234 238
234 239
234 240
241 43
241 242
241 243
241 244
241 245
246 44
246 247
246 248
246 249
246 250
246 251
246 252
253 44
253 254
253 255
253 256
253 257
253 258
259 45
259 260
259 261
259 262
259 263
259 264
259 265
259 266
267 45
267 268
267 269
267 270
267 271
272 48
272 273
272 274
272 275
272 276
