0 65 70 R
1 76 161 R
2 86 206 R
3 62 236 R
4 78 314 R
5 62 335 R
6 78 384 R
7 157 113 R
8 130 125 R
9 134 181 R
10 112 259 R
11 126 289 R
12 113 356 R
13 121 406 R
14 200 70 R
15 208 121 R
16 174 183 R
17 184 242 R
18 183 282 R
19 186 320 R
20 177 416 R
21 219 96 R
22 227 138 R
23 255 194 R
24 229 253 R
25 211 312 R
26 232 343 R
27 225 407 R
28 292 86 R
29 286 158 R
30 280 207 R
31 289 266 R
32 305 277 R
33 293 330 R
34 264 413 R
35 316 100 R
36 314 135 R
37 328 203 R
38 334 250 R
39 357 294 R
40 347 324 R
41 319 408 R
42 367 89 R
43 376 133 R
44 368 176 R
45 396 223 R
46 395 302 R
47 399 346 R
48 367 404 R
49 79 226 PM
50 34 246 VM
51 49 250 VM
52 64 262 VM
53 79 282 VM
54 94 310 VM
55 109 346 VM
56 40 256 PM
57 25 276 VM
58 40 280 VM
59 58 271 PM
60 51 291 VM
61 76 316 PM
62 69 336 VM
63 71 334 PM
64 19 354 VM
65 34 358 VM
66 49 370 VM
67 64 390 VM
68 79 418 VM
69 94 454 VM
70 109 498 VM
71 142 133 PM
72 112 153 VM
73 127 157 VM
74 142 169 VM
75 157 189 VM
76 160 148 PM
77 153 168 VM
78 97 279 PM
79 82 299 VM
80 97 303 VM
81 115 294 PM
82 63 314 VM
83 78 318 VM
84 93 330 VM
85 108 350 VM
86 123 378 VM
87 138 414 VM
88 153 458 VM
89 178 90 PM
90 133 110 VM
91 148 114 VM
92 163 126 VM
93 178 146 VM
94 193 174 VM
95 208 210 VM
96 196 105 PM
97 181 125 VM
98 196 129 VM
99 214 150 PM
100 169 170 VM
101 184 174 VM
102 199 186 VM
103 214 206 VM
104 229 234 VM
105 244 270 VM
106 167 203 PM
107 160 223 VM
108 161 302 PM
109 146 322 VM
110 161 326 VM
111 179 317 PM
112 134 337 VM
113 149 341 VM
114 164 353 VM
115 179 373 VM
116 194 401 VM
117 209 437 VM
118 197 362 PM
119 175 382 VM
120 190 386 VM
121 205 398 VM
122 155 436 PM
123 133 456 VM
124 148 460 VM
125 163 472 VM
126 173 451 PM
127 136 471 VM
128 151 475 VM
129 166 487 VM
130 181 507 VM
131 196 535 VM
132 191 496 PM
133 139 516 VM
134 154 520 VM
135 169 532 VM
136 184 552 VM
137 199 580 VM
138 214 616 VM
139 229 660 VM
140 233 214 PM
141 181 234 VM
142 196 238 VM
143 211 250 VM
144 226 270 VM
145 241 298 VM
146 256 334 VM
147 271 378 VM
148 251 229 PM
149 229 249 VM
150 244 253 VM
151 259 265 VM
152 269 274 PM
153 247 294 VM
154 262 298 VM
155 277 310 VM
156 207 273 PM
157 177 293 VM
158 192 297 VM
159 207 309 VM
160 222 329 VM
161 225 288 PM
162 188 308 VM
163 203 312 VM
164 218 324 VM
165 233 344 VM
166 248 372 VM
167 243 333 PM
168 236 353 VM
169 203 427 PM
170 173 447 VM
171 188 451 VM
172 203 463 VM
173 218 483 VM
174 221 442 PM
175 176 462 VM
176 191 466 VM
177 206 478 VM
178 221 498 VM
179 236 526 VM
180 251 562 VM
181 239 487 PM
182 217 507 VM
183 232 511 VM
184 247 523 VM
185 290 297 PM
186 238 317 VM
187 253 321 VM
188 268 333 VM
189 283 353 VM
190 298 381 VM
191 313 417 VM
192 328 461 VM
193 308 312 PM
194 271 332 VM
195 286 336 VM
196 301 348 VM
197 316 368 VM
198 331 396 VM
199 299 155 PM
200 277 175 VM
201 292 179 VM
202 307 191 VM
203 317 170 PM
204 265 190 VM
205 280 194 VM
206 295 206 VM
207 310 226 VM
208 325 254 VM
209 340 290 VM
210 355 334 VM
211 321 223 PM
212 306 243 VM
213 321 247 VM
214 335 314 PM
215 328 334 VM
216 353 329 PM
217 346 349 VM
218 371 374 PM
219 319 394 VM
220 334 398 VM
221 349 410 VM
222 364 430 VM
223 379 458 VM
224 394 494 VM
225 409 538 VM
226 340 344 PM
227 288 364 VM
228 303 368 VM
229 318 380 VM
230 333 400 VM
231 348 428 VM
232 363 464 VM
233 378 508 VM
234 361 153 PM
235 316 173 VM
236 331 177 VM
237 346 189 VM
238 361 209 VM
239 376 237 VM
240 391 273 VM
241 379 168 PM
242 349 188 VM
243 364 192 VM
244 379 204 VM
245 394 224 VM
246 353 196 PM
247 308 216 VM
248 323 220 VM
249 338 232 VM
250 353 252 VM
251 368 280 VM
252 383 316 VM
253 371 211 PM
254 334 231 VM
255 349 235 VM
256 364 247 VM
257 379 267 VM
258 394 295 VM
259 381 243 PM
260 329 263 VM
261 344 267 VM
262 359 279 VM
263 374 299 VM
264 389 327 VM
265 404 363 VM
266 419 407 VM
267 399 258 PM
268 369 278 VM
269 384 282 VM
270 399 294 VM
271 414 314 VM
272 360 424 PM
273 330 444 VM
274 345 448 VM
275 360 460 VM
276 375 480 VM
