0 108 94 R
1 70 170 R
2 123 276 R
3 247 144 R
4 244 238 R
5 159 344 R
6 323 162 R
7 344 199 R
8 347 343 R
9 108 296 PM
10 86 316 VM
11 101 319 VM
12 116 328 VM
13 123 299 PM
14 101 319 VM
15 116 322 VM
16 131 331 VM
17 237 258 PM
18 215 278 VM
19 230 281 VM
20 245 290 VM
21 308 182 PM
22 286 202 VM
23 301 205 VM
24 316 214 VM
25 323 185 PM
26 301 205 VM
27 316 208 VM
28 331 217 VM
29 332 363 PM
30 310 383 VM
31 325 386 VM
32 340 395 VM
33 347 366 PM
34 325 386 VM
35 340 389 VM
36 355 398 VM
