0 93 92 R
1 99 156 R
2 65 214 R
3 109 228 R
4 65 286 R
5 61 341 R
6 81 408 R
7 138 74 R
8 148 162 R
9 124 296 R
10 143 336 R
11 148 419 R
12 173 73 R
13 170 130 R
14 170 211 R
15 178 238 R
16 194 309 R
17 199 327 R
18 163 383 R
19 227 75 R
20 212 126 R
21 217 185 R
22 219 222 R
23 222 319 R
24 250 329 R
25 211 384 R
26 290 86 R
27 304 138 R
28 304 182 R
29 304 227 R
30 275 290 R
31 272 365 R
32 285 415 R
33 314 81 R
34 317 128 R
35 345 176 R
36 352 240 R
37 357 305 R
38 352 369 R
39 353 416 R
40 361 75 R
41 367 139 R
42 377 183 R
43 383 225 R
44 390 291 R
45 391 343 R
46 58 306 PM
47 43 326 VM
48 58 330 VM
49 54 361 PM
50 39 381 VM
51 54 385 VM
52 131 94 PM
53 116 114 VM
54 131 118 VM
55 109 316 PM
56 94 336 VM
57 109 340 VM
58 127 331 PM
59 112 351 VM
60 127 355 VM
61 136 356 PM
62 121 376 VM
63 136 380 VM
64 155 150 PM
65 140 170 VM
66 155 174 VM
67 173 165 PM
68 158 185 VM
69 173 189 VM
70 163 231 PM
71 148 251 VM
72 163 255 VM
73 163 258 PM
74 148 278 VM
75 163 282 VM
76 181 273 PM
77 166 293 VM
78 181 297 VM
79 179 329 PM
80 164 349 VM
81 179 353 VM
82 197 344 PM
83 182 364 VM
84 197 368 VM
85 192 347 PM
86 177 367 VM
87 192 371 VM
88 156 403 PM
89 141 423 VM
90 156 427 VM
91 205 146 PM
92 190 166 VM
93 205 170 VM
94 204 242 PM
95 189 262 VM
96 204 266 VM
97 222 257 PM
98 207 277 VM
99 222 281 VM
100 207 339 PM
101 192 359 VM
102 207 363 VM
103 225 354 PM
104 210 374 VM
105 225 378 VM
106 235 349 PM
107 220 369 VM
108 235 373 VM
109 253 364 PM
110 238 384 VM
111 253 388 VM
112 196 404 PM
113 181 424 VM
114 196 428 VM
115 214 419 PM
116 199 439 VM
117 214 443 VM
118 297 247 PM
119 282 267 VM
120 297 271 VM
121 260 310 PM
122 245 330 VM
123 260 334 VM
124 278 325 PM
125 263 345 VM
126 278 349 VM
127 257 385 PM
128 242 405 VM
129 257 409 VM
130 275 400 PM
131 260 420 VM
132 275 424 VM
133 270 435 PM
134 255 455 VM
135 270 459 VM
136 288 450 PM
137 273 470 VM
138 288 474 VM
139 299 101 PM
140 284 121 VM
141 299 125 VM
142 317 116 PM
143 302 136 VM
144 317 140 VM
145 310 148 PM
146 295 168 VM
147 310 172 VM
148 350 325 PM
149 335 345 VM
150 350 349 VM
151 345 389 PM
152 330 409 VM
153 345 413 VM
154 346 436 PM
155 331 456 VM
156 346 460 VM
157 360 159 PM
158 345 179 VM
159 360 183 VM
160 375 311 PM
161 360 331 VM
162 375 335 VM
163 393 326 PM
164 378 346 VM
165 393 350 VM
166 376 363 PM
167 361 383 VM
168 376 387 VM
169 394 378 PM
170 379 398 VM
171 394 402 VM
