0 66 82 R
1 65 159 R
2 67 178 R
3 71 233 R
4 64 277 R
5 101 346 R
6 85 385 R
7 137 98 R
8 155 134 R
9 149 197 R
10 159 225 R
11 149 284 R
12 151 356 R
13 158 391 R
14 161 87 R
15 163 163 R
16 182 208 R
17 166 247 R
18 190 286 R
19 191 356 R
20 198 372 R
21 227 98 R
22 211 140 R
23 247 184 R
24 230 240 R
25 259 319 R
26 215 419 R
27 282 93 R
28 274 124 R
29 296 185 R
30 268 245 R
31 277 290 R
32 299 365 R
33 299 419 R
34 343 119 R
35 331 176 R
36 319 268 R
37 333 297 R
38 342 321 R
39 317 373 R
40 385 113 R
41 374 169 R
42 403 207 R
43 399 223 R
44 404 289 R
45 404 345 R
46 388 371 R
47 59 102 PM
48 44 122 VM
49 59 126 VM
50 50 179 PM
51 28 199 VM
52 43 203 VM
53 58 215 VM
54 68 194 PM
55 53 214 VM
56 68 218 VM
57 56 253 PM
58 34 273 VM
59 49 277 VM
60 64 289 VM
61 74 268 PM
62 44 288 VM
63 59 292 VM
64 74 304 VM
65 89 324 VM
66 115 118 PM
67 93 138 VM
68 108 142 VM
69 123 154 VM
70 133 133 PM
71 111 153 VM
72 126 157 VM
73 141 169 VM
74 151 178 PM
75 129 198 VM
76 144 202 VM
77 159 214 VM
78 148 154 PM
79 133 174 VM
80 148 178 VM
81 144 245 PM
82 129 265 VM
83 144 269 VM
84 162 260 PM
85 132 280 VM
86 147 284 VM
87 162 296 VM
88 177 316 VM
89 129 376 PM
90 99 396 VM
91 114 400 VM
92 129 412 VM
93 144 432 VM
94 147 391 PM
95 117 411 VM
96 132 415 VM
97 147 427 VM
98 162 447 VM
99 165 436 PM
100 150 456 VM
101 165 460 VM
102 143 411 PM
103 128 431 VM
104 143 435 VM
105 161 426 PM
106 131 446 VM
107 146 450 VM
108 161 462 VM
109 176 482 VM
110 146 107 PM
111 124 127 VM
112 139 131 VM
113 154 143 VM
114 164 122 PM
115 134 142 VM
116 149 146 VM
117 164 158 VM
118 179 178 VM
119 141 183 PM
120 126 203 VM
121 141 207 VM
122 159 198 PM
123 137 218 VM
124 152 222 VM
125 167 234 VM
126 177 243 PM
127 147 263 VM
128 162 267 VM
129 177 279 VM
130 192 299 VM
131 183 306 PM
132 161 326 VM
133 176 330 VM
134 191 342 VM
135 176 376 PM
136 161 396 VM
137 176 400 VM
138 194 391 PM
139 179 411 VM
140 194 415 VM
141 232 204 PM
142 202 224 VM
143 217 228 VM
144 232 240 VM
145 247 260 VM
146 250 219 PM
147 220 239 VM
148 235 243 VM
149 250 255 VM
150 265 275 VM
151 208 439 PM
152 178 459 VM
153 193 463 VM
154 208 475 VM
155 223 495 VM
156 261 265 PM
157 246 285 VM
158 261 289 VM
159 262 310 PM
160 240 330 VM
161 255 334 VM
162 270 346 VM
163 280 325 PM
164 265 345 VM
165 280 349 VM
166 284 385 PM
167 254 405 VM
168 269 409 VM
169 284 421 VM
170 299 441 VM
171 302 400 PM
172 287 420 VM
173 302 424 VM
174 292 439 PM
175 277 459 VM
176 292 463 VM
177 316 196 PM
178 294 216 VM
179 309 220 VM
180 324 232 VM
181 334 211 PM
182 312 231 VM
183 327 235 VM
184 342 247 VM
185 312 288 PM
186 282 308 VM
187 297 312 VM
188 312 324 VM
189 327 344 VM
190 311 317 PM
191 296 337 VM
192 311 341 VM
193 329 332 PM
194 314 352 VM
195 329 356 VM
196 347 377 PM
197 332 397 VM
198 347 401 VM
199 335 341 PM
200 320 361 VM
201 335 365 VM
202 310 393 PM
203 280 413 VM
204 295 417 VM
205 310 429 VM
206 325 449 VM
207 378 133 PM
208 363 153 VM
209 378 157 VM
210 352 189 PM
211 337 209 VM
212 352 213 VM
213 370 204 PM
214 355 224 VM
215 370 228 VM
216 388 249 PM
217 366 269 VM
218 381 273 VM
219 396 285 VM
220 381 227 PM
221 351 247 VM
222 366 251 VM
223 381 263 VM
224 396 283 VM
225 399 242 PM
226 377 262 VM
227 392 266 VM
228 407 278 VM
229 417 287 PM
230 387 307 VM
231 402 311 VM
232 417 323 VM
233 432 343 VM
234 377 243 PM
235 355 263 VM
236 370 267 VM
237 385 279 VM
238 395 258 PM
239 365 278 VM
240 380 282 VM
241 395 294 VM
242 410 314 VM
243 413 303 PM
244 398 323 VM
245 413 327 VM
246 381 391 PM
247 366 411 VM
248 381 415 VM
