0 90 157 R
1 115 183 R
2 139 313 R
3 188 82 R
4 213 216 R
5 174 276 R
6 304 130 R
7 348 233 R
8 287 340 R
9 100 203 PM
10 78 223 VM
11 93 226 VM
12 108 235 VM
13 115 206 PM
14 93 226 VM
15 108 229 VM
16 123 238 VM
17 132 333 PM
18 110 353 VM
19 125 356 VM
20 140 365 VM
21 181 102 PM
22 159 122 VM
23 174 125 VM
24 189 134 VM
25 206 236 PM
26 184 256 VM
27 199 259 VM
28 214 268 VM
29 159 296 PM
30 137 316 VM
31 152 319 VM
32 167 328 VM
33 174 299 PM
34 152 319 VM
35 167 322 VM
36 182 331 VM
37 297 150 PM
38 275 170 VM
39 290 173 VM
40 305 182 VM
41 333 253 PM
42 311 273 VM
43 326 276 VM
44 341 285 VM
45 348 256 PM
46 326 276 VM
47 341 279 VM
48 356 288 VM
